     4     1
     NAM    13    12    30     0     0
     NAM    13    12    31     0     0
     NAM    14     1     1     0     0
     NAM    14     1     2     0     0
     1 BACKWARD OMEGA   
    14     1     1    11   20.703 -100.447   100.0
     1 PRESSURE
     1     1    14     1     1    11     0     1     0.0   20.703 -100.447    100.0    792.2
     1     1    14     1     1    10     0     2    -1.0   20.701 -100.353    113.8    791.1
     1     1    14     1     1     9     0     3    -2.0   20.700 -100.249    121.8    789.7
     1     1    14     1     1     8     0     2    -3.0   20.698 -100.151    135.3    789.2
     1     1    14     1     1     7     0     1    -4.0   20.691 -100.061    154.2    788.4
     1     1    14     1     1     6     0     0    -5.0   20.681  -99.966    170.6    787.7
     1     1    14     1     1     5     0     1    -6.0   20.688  -99.869    178.3    786.4
     1     1    14     1     1     4     0     2    -7.0   20.731  -99.782    175.8    787.5
     1     1    14     1     1     3     0     3    -8.0   20.808  -99.690    154.2    791.0
     1     1    14     1     1     2     0     2    -9.0   20.886  -99.584     88.5    805.2
     1     1    14     1     1     1     0     1   -10.0   20.948  -99.496      0.0    828.7
     1     1    14     1     1     0     0     0   -11.0   20.998  -99.416      0.0    849.6
     1     1    13    12    31    23     0     1   -12.0   21.036  -99.347      0.0    864.0
